
 
          52.097          21.032    141.399     3664940.500     1409153.590     5009571.170          5773722.721          7502160.783           472071.341           639114.491
          52.097          21.032    141.400     3664940.510     1409153.580     5009571.167          5773722.715          7502160.770           472071.334           639114.478
          52.097          21.032    141.403     3664940.520     1409153.570     5009571.167          5773722.710          7502160.757           472071.329           639114.465
          52.097          21.032    141.408     3664940.530     1409153.560     5009571.168          5773722.706          7502160.744           472071.325           639114.453
          52.097          21.032    141.410     3664940.520     1409153.590     5009571.170          5773722.706          7502160.776           472071.326           639114.484
          52.097          21.032    141.402     3664940.514     1409153.584     5009571.166          5773722.710          7502160.773           472071.330           639114.481
          52.097          21.032    141.406     3664940.525     1409153.575     5009571.166          5773722.704          7502160.760           472071.324           639114.468
          52.097          21.032    141.411     3664940.533     1409153.564     5009571.169          5773722.703          7502160.747           472071.323           639114.455
          52.097          21.032    141.407     3664940.515     1409153.590     5009571.170          5773722.710          7502160.778           472071.330           639114.486
          52.097          21.032    141.405     3664940.514     1409153.584     5009571.169          5773722.712          7502160.773           472071.332           639114.481
          52.097          21.032    141.408     3664940.515     1409153.595     5009571.169          5773722.708          7502160.783           472071.328           639114.491
          52.097          21.032    141.406     3664940.513     1409153.584     5009571.171          5773722.714          7502160.773           472071.334           639114.481